4002409555221667393417789825735904156556882819939007885332058136124031650490837864442687629129015664037894272559787
1
1
10 4
1 2 2 2 
1 3 5 9 
1 4 10 28 
1 5 17 65 
1 6 26 126 
1 7 37 217 
1 8 50 344 
1 9 65 513 
1 10 82 730 
1 11 101 1001 

10
1 1 1 1 1 1 1 1 1 1 
0 3
10 10
7 -12 8 -2 0 0 0 0 0 0 
1334136518407222464472596608578634718852294273313002628444019378708010550163612621480895876376338554679298090853258 -2001204777610833696708894912867952078278441409969503942666029068062015825245418932221343814564507832018947136279884 -7 667068259203611232236298304289317359426147136656501314222009689354005275081806310740447938188169277339649045426633 0 0 0 0 0 0 
-2001204777610833696708894912867952078278441409969503942666029068062015825245418932221343814564507832018947136279892 -4 -2001204777610833696708894912867952078278441409969503942666029068062015825245418932221343814564507832018947136279890 -1 0 0 0 0 0 0 
667068259203611232236298304289317359426147136656501314222009689354005275081806310740447938188169277339649045426631 -2001204777610833696708894912867952078278441409969503942666029068062015825245418932221343814564507832018947136279893 -2001204777610833696708894912867952078278441409969503942666029068062015825245418932221343814564507832018947136279894 -667068259203611232236298304289317359426147136656501314222009689354005275081806310740447938188169277339649045426631 0 0 0 0 0 0 
1 -4 6 -4 1 0 0 0 0 0 
4 -15 20 -10 0 1 0 0 0 0 
10 -36 45 -20 0 0 1 0 0 0 
20 -70 84 -35 0 0 0 1 0 0 
35 -120 140 -56 0 0 0 0 1 0 
56 -189 216 -84 0 0 0 0 0 1 

1 1 1 1 0 0 0 0 0 0 
0 1 1 1 1 0 0 0 0 0 
0 0 1 1 1 1 0 0 0 0 
0 0 0 1 1 1 1 0 0 0 
0 0 0 0 1 1 1 1 0 0 
0 0 0 0 0 1 1 1 1 0 
0 0 0 0 0 0 1 1 1 1 
1 0 0 0 0 0 0 1 1 1 
1 1 0 0 0 0 0 0 1 1 
1 1 1 0 0 0 0 0 0 1 
4
1715318380809286025750481353886816067095806922831003379428024915481727850210359084761151841055292427444811831097053 -1715318380809286025750481353886816067095806922831003379428024915481727850210359084761151841055292427444811831097058 10 -4 
4
-2001204777610833696708894912867952078278441409969503942666029068062015825245418932221343814564507832018947136279891 1572375182408512190271274574396248061504489679261753097809022839191583862692829161031055854300684725157744178505629 1429431984007738354792067794905680055913172435692502816190020762901439875175299237300959867546077022870676525914210 -1000602388805416848354447456433976039139220704984751971333014534031007912622709466110671907282253916009473568139947 
4
-1334136518407222464472596608578634718852294273313002628444019378708010550163612621480895876376338554679298090853259 1000602388805416848354447456433976039139220704984751971333014534031007912622709466110671907282253916009473568139943 1715318380809286025750481353886816067095806922831003379428024915481727850210359084761151841055292427444811831097053 -1381784251207480409632332201742157387382733354502752722317020070804725212669455929390927871961207788774987308383736 
4
4 -6 4 -1 
4
10 -20 15 -4 
4
20 -45 36 -10 
4
35 -84 70 -20 
4
56 -140 120 -35 
4
84 -216 189 -56 
4
120 -315 280 -84 
10 4
1 0 0 0 
1334136518407222464472596608578634718852294273313002628444019378708010550163612621480895876376338554679298090853263 4 -6 -1334136518407222464472596608578634718852294273313002628444019378708010550163612621480895876376338554679298090853260 
333534129601805616118149152144658679713073568328250657111004844677002637540903155370223969094084638669824522713316 6 1000602388805416848354447456433976039139220704984751971333014534031007912622709466110671907282253916009473568139938 -1334136518407222464472596608578634718852294273313002628444019378708010550163612621480895876376338554679298090853259 
-381181862402063561277884745308181348243512649518000750984005536773717300046746463280255964678953872765513740243789 1715318380809286025750481353886816067095806922831003379428024915481727850210359084761151841055292427444811831097058 -9 -1334136518407222464472596608578634718852294273313002628444019378708010550163612621480895876376338554679298090853259 
1810613846409801916069952540213861404156685085210503567174026299675157175222045700581215832225030895636190266157999 -1143545587206190683833654235924544044730537948554002252952016610321151900140239389840767894036861618296541220731362 2001204777610833696708894912867952078278441409969503942666029068062015825245418932221343814564507832018947136279886 1334136518407222464472596608578634718852294273313002628444019378708010550163612621480895876376338554679298090853265 
1524727449608254245111538981232725392974050598072003003936022147094869200186985853121023858715815491062054960975157 1143545587206190683833654235924544044730537948554002252952016610321151900140239389840767894036861618296541220731372 -5 1334136518407222464472596608578634718852294273313002628444019378708010550163612621480895876376338554679298090853264 
1381784251207480409632332201742157387382733354502752722317020070804725212669455929390927871961207788774987308383736 -1715318380809286025750481353886816067095806922831003379428024915481727850210359084761151841055292427444811831097049 -1000602388805416848354447456433976039139220704984751971333014534031007912622709466110671907282253916009473568139949 1334136518407222464472596608578634718852294273313002628444019378708010550163612621480895876376338554679298090853263 
0 1 0 0 
0 0 1 0 
0 0 0 1 

10 4
1 0 0 0 
0 1 0 0 
333534129601805616118149152144658679713073568328250657111004844677002637540903155370223969094084638669824522713315 -2001204777610833696708894912867952078278441409969503942666029068062015825245418932221343814564507832018947136279892 1000602388805416848354447456433976039139220704984751971333014534031007912622709466110671907282253916009473568139947 667068259203611232236298304289317359426147136656501314222009689354005275081806310740447938188169277339649045426631 
-667068259203611232236298304289317359426147136656501314222009689354005275081806310740447938188169277339649045426632 -1572375182408512190271274574396248061504489679261753097809022839191583862692829161031055854300684725157744178505629 -1429431984007738354792067794905680055913172435692502816190020762901439875175299237300959867546077022870676525914209 -333534129601805616118149152144658679713073568328250657111004844677002637540903155370223969094084638669824522713316 
-667068259203611232236298304289317359426147136656501314222009689354005275081806310740447938188169277339649045426632 1715318380809286025750481353886816067095806922831003379428024915481727850210359084761151841055292427444811831097053 285886396801547670958413558981136011182634487138500563238004152580287975035059847460191973509215404574135305182843 -1334136518407222464472596608578634718852294273313002628444019378708010550163612621480895876376338554679298090853263 
-1334136518407222464472596608578634718852294273313002628444019378708010550163612621480895876376338554679298090853263 285886396801547670958413558981136011182634487138500563238004152580287975035059847460191973509215404574135305182843 1715318380809286025750481353886816067095806922831003379428024915481727850210359084761151841055292427444811831097053 -667068259203611232236298304289317359426147136656501314222009689354005275081806310740447938188169277339649045426632 
-333534129601805616118149152144658679713073568328250657111004844677002637540903155370223969094084638669824522713316 -1429431984007738354792067794905680055913172435692502816190020762901439875175299237300959867546077022870676525914209 -1572375182408512190271274574396248061504489679261753097809022839191583862692829161031055854300684725157744178505629 -667068259203611232236298304289317359426147136656501314222009689354005275081806310740447938188169277339649045426632 
667068259203611232236298304289317359426147136656501314222009689354005275081806310740447938188169277339649045426631 1000602388805416848354447456433976039139220704984751971333014534031007912622709466110671907282253916009473568139947 -2001204777610833696708894912867952078278441409969503942666029068062015825245418932221343814564507832018947136279892 333534129601805616118149152144658679713073568328250657111004844677002637540903155370223969094084638669824522713315 
0 0 1 0 
0 0 0 1 

10 4
1 0 0 0 
0 1 0 0 
0 0 1 0 
1334136518407222464472596608578634718852294273313002628444019378708010550163612621480895876376338554679298090853263 -1000602388805416848354447456433976039139220704984751971333014534031007912622709466110671907282253916009473568139949 -1715318380809286025750481353886816067095806922831003379428024915481727850210359084761151841055292427444811831097049 1381784251207480409632332201742157387382733354502752722317020070804725212669455929390927871961207788774987308383736 
1334136518407222464472596608578634718852294273313002628444019378708010550163612621480895876376338554679298090853264 -5 1143545587206190683833654235924544044730537948554002252952016610321151900140239389840767894036861618296541220731372 1524727449608254245111538981232725392974050598072003003936022147094869200186985853121023858715815491062054960975157 
1334136518407222464472596608578634718852294273313002628444019378708010550163612621480895876376338554679298090853265 2001204777610833696708894912867952078278441409969503942666029068062015825245418932221343814564507832018947136279886 -1143545587206190683833654235924544044730537948554002252952016610321151900140239389840767894036861618296541220731362 1810613846409801916069952540213861404156685085210503567174026299675157175222045700581215832225030895636190266157999 
-1334136518407222464472596608578634718852294273313002628444019378708010550163612621480895876376338554679298090853259 -9 1715318380809286025750481353886816067095806922831003379428024915481727850210359084761151841055292427444811831097058 -381181862402063561277884745308181348243512649518000750984005536773717300046746463280255964678953872765513740243789 
-1334136518407222464472596608578634718852294273313002628444019378708010550163612621480895876376338554679298090853259 1000602388805416848354447456433976039139220704984751971333014534031007912622709466110671907282253916009473568139938 6 333534129601805616118149152144658679713073568328250657111004844677002637540903155370223969094084638669824522713316 
-1334136518407222464472596608578634718852294273313002628444019378708010550163612621480895876376338554679298090853260 -6 4 1334136518407222464472596608578634718852294273313002628444019378708010550163612621480895876376338554679298090853263 
0 0 0 1 

10 4
1 0 0 0 
0 1 0 0 
0 0 1 0 
0 0 0 1 
-1 4 -6 4 
-4 15 -20 10 
-10 36 -45 20 
-20 70 -84 35 
-35 120 -140 56 
-56 189 -216 84 

10 4
4 -6 4 -1 
1 0 0 0 
0 1 0 0 
0 0 1 0 
0 0 0 1 
-1 4 -6 4 
-4 15 -20 10 
-10 36 -45 20 
-20 70 -84 35 
-35 120 -140 56 

10 4
10 -20 15 -4 
4 -6 4 -1 
1 0 0 0 
0 1 0 0 
0 0 1 0 
0 0 0 1 
-1 4 -6 4 
-4 15 -20 10 
-10 36 -45 20 
-20 70 -84 35 

10 4
20 -45 36 -10 
10 -20 15 -4 
4 -6 4 -1 
1 0 0 0 
0 1 0 0 
0 0 1 0 
0 0 0 1 
-1 4 -6 4 
-4 15 -20 10 
-10 36 -45 20 

10 4
35 -84 70 -20 
20 -45 36 -10 
10 -20 15 -4 
4 -6 4 -1 
1 0 0 0 
0 1 0 0 
0 0 1 0 
0 0 0 1 
-1 4 -6 4 
-4 15 -20 10 

10 4
56 -140 120 -35 
35 -84 70 -20 
20 -45 36 -10 
10 -20 15 -4 
4 -6 4 -1 
1 0 0 0 
0 1 0 0 
0 0 1 0 
0 0 0 1 
-1 4 -6 4 

10 4
84 -216 189 -56 
56 -140 120 -35 
35 -84 70 -20 
20 -45 36 -10 
10 -20 15 -4 
4 -6 4 -1 
1 0 0 0 
0 1 0 0 
0 0 1 0 
0 0 0 1 

10 10
1 1 1 1 0 0 0 0 0 0 
0 1 1 1 1 0 0 0 0 0 
0 0 1 1 1 1 0 0 0 0 
0 0 0 1 1 1 1 0 0 0 
0 0 0 0 1 1 1 1 0 0 
0 0 0 0 0 1 1 1 1 0 
0 0 0 0 0 0 1 1 1 1 
1 0 0 0 0 0 0 1 1 1 
1 1 0 0 0 0 0 0 1 1 
1 1 1 0 0 0 0 0 0 1 

10
1 1
7 

1 1
1 

1 1
-21 

1 1
1 

1 1
35 

1 1
1 

1 1
-35 

1 1
1 

1 1
21 

1 1
1 

1 1
-7 

1 1
1 

1 1
1 

1 1
1 

1 1
0 

1 1
0 

1 1
0 

1 1
0 

1 1
0 

1 1
0 


1 
1 
1 
1 
1 
1 
1 
1 
1 
1 
10
0

0

0

0

1

